SortIndex
1
2
3
4
5
6
7
8
9
10
10.1
11
11.1
12
13
14
15
16
17
18
19
20
21
22
23
24
25
26
27
28
29
30
31
32
33
34
35
36
37
38
39
40
41
42
43
44
45
46
47
48
49
50
51
52
53
54
55
56
57
58
59
60
61
62
63
64
65
66
67
68
69
70
71
72
73
74
74.1
74.2
74.3
74.4
74.5
74.6
74.7
74.8
75
76
77
78
79
80
81
82
83
84
85
86
87
88
89
90
91
92
93
94
1173
95
96
97
98
99
100
101
102
103
104
105
106
107
108
109
110
111
112
113
114
115
116
117
118
119
120
121
122
123
124
125
126
127
128
129
130
131
132
132.1
132.2
133
133.1
133.2
134
134.1
134.2
135
135.1
135.2
136
136.1
136.2
137
137.1
137.2
138
138.1
138.2
139
140
140.1
140.2
141
141.1
141.2
142
142.1
142.2
143
143.1
143.2
144
144.1
144.1
144.2
144.2
145
145.1
145.2
146
146.1
146.2
147
147.1
147.2
148
148.1
148.2
149
149.1
149.2
150
150.1
150.2
151
151.1
151.2
152
152.1
152.2
153
153.1
153.2
154
154.1
154.2
155
155.1
155.2
156
156.1
156.2
157
157.1
157.2
158
158.1
158.2
159
159.1
159.2
160
160.1
160.2
161
161.1
161.2
162
162.1
162.2
163
163.1
163.2
164
164.1
164.2
165
165.1
165.2
166
166.1
166.2
167
167.1
167.2
168
168.1
168.2
169
169.1
169.2
170
170.1
170.2
171
171.1
171.2
172
173
1169
175
176
177
178
179
180
181
181.1
182
182.1
182.2
183
183.1
183.2
184
184.1
184.2
185
185.1
185.2
186
186.1
186.2
187
187.1
187.2
188
188.1
188.2
189
189.1
189.2
190
190.1
190.2
191
191.1
191.2
192
192.1
192.3
193
193.1
193.2
194
194.1
194.2
195
195.1
195.3
196
196.1
196.2
197
197.1
197.3
198
199
200
201
202
203
204
205
206
207
208.1
208
209
209.1
210
210.1
211
212
213
214
214.1
215
216
217
218
219
220
221
222
223
224
226
226
227
228
229
230
230.1
231
232
233
234
235
236
236.1
237
238
239
239.1
239.2
240
241
242
243
243.1
244
245
245.1
245.2
246
247
247.1
247.3
248
248.1
248.2
249
249.1
249.2
250
250.1
250.1
251
252
253
253.1
253.2
254
255
256
257
257.1
257.2
258
258.1
258.2
259
260
261
262
263
264
265
266
266.5
267
268
269
270
271
272
273
274
275
276
277
277
278
279
280
281
282
283
284
286
287
288
289
290
291
292
293
294
295
296
297
298
300
300.1
300.2
300.3
300.4
300.5
300.6
300.7
300.8
301
301.1
301.2
301.3
301.4
301.5
301.6
301.7
301.8
302
302.1
302.2
302.3
302.4
302.5
302.6
302.7
302.8
303
304
305
306
307
308
309
310
311
312
312.1
312.2
312.3
312.4
312.5
312.6
312.7
312.8
313
313.1
313.2
313.3
313.4
313.5
313.6
313.7
313.8
314
314.1
314.2
314.3
314.4
314.5
314.6
314.7
314.8
315
315.1
315.2
315.3
315.4
315.5
315.6
315.7
315.8
316
317
318
319
320
321
322
323
324
324.1
324.2
324.3
324.4
324.5
324.6
324.7
324.8
325
325.1
325.2
325.3
325.4
325.5
325.6
325.7
325.8
326
326.1
326.2
326.3
326.4
326.5
326.6
326.7
326.8
327
328
329
330
331
332
332.1
332.2
332.3
332.4
332.5
332.6
332.7
332.8
333
333.1
333.2
333.3
333.4
333.5
333.6
333.7
333.8
334
335
336
337
338
339
340
341
342
343
344
345
345.01
345.02
345.03
345.04
345.05
345.06
345.11
345.12
345.13
345.14
345.15
345.16
345.17
345.18
345.19
345.2
345.21
345.22
345.23
345.24
345.25
345.26
345.27
345.28
345.29
346
347
348
349
350
351
352
353
354
355
356
357
358
359
360
361
362
363
364
365
366
367
368
369
370
371
372
373
374
375
376
377
378
379
380
381
382
383
383.1
383.2
383.3
383.4
383.5
383.6
383.7
383.8
384
385
386
387
388
389
390
391
392
393
394
395
396
397
398
399
399.1
399.2
399.3
400
400.1
400.2
400.3
400.4
400.5
400.6
400.7
400.8
401
401.01
401.02
401.03
401.04
401.05
401.06
401.07
401.08
401.1
401.11
401.12
401.13
401.14
401.15
401.16
401.17
401.18
401.2
401.21
401.22
401.23
401.24
401.25
401.26
401.27
401.28
401.3
401.31
401.32
401.33
401.34
401.35
401.36
401.37
401.38
402
403
403.1
403.2
403.3
403.4
403.5
403.6
403.7
403.8
404
404.01
404.02
404.03
404.04
404.05
404.06
404.07
404.08
404.1
404.11
404.12
404.13
404.14
404.15
404.16
404.17
404.18
404.2
404.21
404.22
404.23
404.24
404.25
404.26
404.27
404.28
404.3
404.31
404.32
404.33
404.34
404.35
404.36
404.37
404.38
405
405.1
405.2
406
407
407.1
407.2
407.3
407.4
407.5
407.6
407.7
407.8
408
409
409.1
409.2
409.3
409.4
409.5
409.6
409.7
409.8
410
411
411.1
411.2
411.3
411.4
411.5
411.6
411.7
411.8
412
412.1
412.2
412.3
412.4
412.5
412.6
412.7
412.8
413
414
415
415.1
415.2
415.3
415.4
415.5
415.6
415.7
415.8
416
417
417.1
417.2
417.3
417.4
417.5
417.6
417.7
417.8
418
418.1
418.2
418.3
418.4
418.5
418.6
418.7
418.8
419
420
421
421.1
421.2
421.3
421.4
421.5
421.6
421.7
421.8
422
422.1
422.2
422.3
422.4
422.5
422.6
422.7
422.8
423
423.1
423.2
423.3
423.4
423.5
423.6
423.7
423.8
424
424.1
424.2
424.3
424.4
424.5
424.6
424.7
424.8
425
425.1
425.2
425.3
425.4
425.5
425.6
425.7
425.8
426
426.1
426.2
426.3
426.4
426.5
426.6
426.7
426.8
427
427.1
427.2
427.3
427.4
427.5
427.6
427.7
427.8
428
429
429.1
429.2
429.3
430
431
432
433
434
435
436
436.1
436.2
436.3
437
437.2
437.3
438
439
440
441
442
443
444
445
445.1
445.2
445.3
446
446.1
446.2
446.3
447
448
448.1
448.2
448.3
448.4
448.5
448.6
448.7
448.8
449
450
450.1
450.2
450.3
450.4
450.5
450.6
450.7
450.8
451
451.1
451.2
451.3
451.4
451.5
451.6
451.7
451.8
452
452.1
452.2
452.3
452.4
452.5
452.6
452.7
452.8
453
453
453.1
453.1
453.11
453.12
453.13
453.14
453.15
453.16
453.17
453.18
453.2
453.3
453.4
453.5
453.6
453.7
453.8
454
454.1
454.2
454.3
454.4
454.5
454.6
454.7
454.8
455
456
457
458
459
460
460.1
460.2
460.3
460.4
460.5
460.6
460.7
460.8
461
461.1
461.2
461.3
461.4
461.5
461.6
461.7
461.8
462
463
464
465
466
467
468
469
470
471
472
473
474
475
476
476.1
476.2
476.3
476.4
476.5
476.6
476.7
476.8
477
478
478.1
478.2
478.3
478.4
478.5
478.6
478.7
478.8
479
479.1
479.2
479.3
479.4
479.5
479.6
479.7
479.8
480
480.1
480.2
480.3
480.4
480.5
480.6
480.7
480.8
481
482
482.1
482.2
482.3
482.4
482.5
482.6
482.7
482.8
483
484
485
485
486
486
487
487
488
488
489
489
490
490
491
491
492
492
493
494
495
496
497
498
499
500
501
502
503
504
505
506
507
508
509
510
511
512
513
514
515
516
517
518
519
520
521
522
523
524
525
526
527
528
529
530
531
532
533
534
535
536
537
538
539
540
541
542
543
544
545
546
547
548
549
550
551
552
553
554
555
556
556.1
556.2
556.3
556.4
556.5
556.6
556.7
556.8
557
557.1
557.2
557.3
557.4
557.5
557.6
557.7
557.8
558
558.1
558.2
558.3
558.4
558.5
558.6
558.7
558.8
559
559.1
559.2
559.3
559.4
559.5
559.6
559.7
559.8
560
560.01
560.02
560.03
560.04
560.05
560.06
560.07
560.08
560.1
560.11
560.12
560.13
560.14
560.15
560.16
560.17
560.18
560.2
560.21
560.22
560.23
560.24
560.25
560.26
560.27
560.28
560.3
560.31
560.32
560.33
560.34
560.35
560.36
560.37
560.38
561
562
563
564
565
565
566
567
568
569
570
570.1
570.2
570.3
570.4
570.5
570.6
570.7
570.8
571
571.1
571.2
571.3
572
573
574
575
575.1
575.2
575.3
576
576.1
576.2
576.3
577
577.1
577.2
577.3
577.4
577.5
577.6
577.7
577.8
578
579
580
581
582
582.1
582.2
582.3
582.4
582.5
582.6
582.7
582.8
583
584
584.1
584.2
584.3
585
586
588
588.1
588.2
588.3
589
589.1
589.2
589.3
590
591
592
593
594
595
596
597
598
599
600
600
600
600.1
600.1
600.1
600.2
600.2
600.2
600.3
600.3
600.3
600.4
600.4
600.4
600.5
600.5
600.5
600.6
600.6
600.6
600.7
600.7
600.7
600.8
600.8
600.8
601
602
602
602
603
603
604
604
604.1
604.1
604.2
604.2
604.3
604.3
604.4
604.4
604.5
604.5
604.6
604.6
604.7
604.7
604.8
604.8
605
605
606
606
606.1
606.1
606.2
606.2
606.3
606.3
606.4
606.4
606.5
606.5
606.6
606.6
606.7
606.7
606.8
606.8
607
608
608.1
608.2
608.3
608.4
608.5
608.6
608.7
608.8
609
609.1
609.2
609.3
609.4
609.5
609.6
609.7
609.8
610
610.1
610.2
610.3
610.4
610.5
610.6
610.7
610.8
611
611.1
611.2
611.3
611.4
611.5
611.6
611.7
611.8
612
612.1
612.2
612.3
612.4
612.5
612.6
612.7
612.8
613
613.1
613.2
613.3
613.4
613.5
613.6
613.7
613.8
614
614.1
614.2
614.3
614.4
614.5
614.6
614.7
614.8
615
616
617
617.1
617.2
617.3
617.4
617.5
617.6
617.7
617.8
618
619
619.1
619.2
619.3
619.4
619.5
619.6
619.7
619.8
620
620.1
620.2
620.3
620.4
620.5
620.6
620.7
620.8
621
621.1
621.2
621.3
621.4
621.5
621.6
621.7
621.8
622
622.1
622.2
622.3
622.4
622.5
622.6
622.7
622.8
623
623.1
623.2
623.3
623.4
623.5
623.6
623.7
623.8
624
624.1
624.2
624.3
624.4
624.5
624.6
624.7
624.8
625
625.1
625.2
625.3
625.4
625.5
625.6
625.7
625.8
626
626.1
626.2
626.3
626.4
626.5
626.6
626.7
626.8
627
628
628.1
628.2
629
629.1
629.2
629.3
630
631
632
633
634
635
635.1
635.2
635.3
635.4
635.5
635.6
635.7
635.8
636
637
638
639
639.1
639.1
639.2
639.2
639.3
639.3
639.4
639.4
639.5
639.5
639.6
639.6
639.7
639.7
639.8
639.8
640
641
641.1
641.2
641.3
641.4
641.5
641.6
641.7
641.8
642
643
643.1
643.2
643.3
643.4
643.5
643.6
643.7
643.8
644
645
645.1
645.2
645.3
645.4
645.5
645.6
645.7
645.8
646
646.1
646.2
646.3
646.4
646.5
646.6
646.7
646.8
647
648
649
650
651
652
652.1
652.2
652.3
652.4
652.5
652.6
652.7
652.8
653
653.01
653.02
653.03
653.04
653.05
653.06
653.07
653.08
653.1
653.11
653.12
653.13
653.14
653.15
653.16
653.17
653.18
654
654.1
654.2
654.3
654.4
654.5
654.6
654.7
654.8
655
655.1
655.2
655.3
655.4
655.5
655.6
655.7
655.8
656
656.1
656.2
656.3
656.4
656.5
656.6
656.7
656.8
657
657.1
657.2
657.3
657.4
657.5
657.6
657.7
657.8
658
659
660
660.1
660.2
660.3
660.4
661
662
662.1
662.2
662.3
662.4
662.5
662.6
662.7
662.8
663
663.1
663.2
663.3
663.4
663.5
663.6
663.7
663.8
664
664.1
664.2
664.3
664.4
664.5
664.6
664.7
664.8
665
665.1
665.2
665.3
665.4
665.5
665.6
665.7
665.8
666
666.1
666.2
666.3
666.4
666.5
666.6
666.7
666.8
667
667
667
667
667
667
667
667
667
667
667
667
667
667
667
667
667
667
667
667.01
667.02
667.03
667.04
667.05
667.06
667.07
667.08
667.2
667.21
667.22
667.23
667.24
667.25
667.26
667.27
667.28
668
669
670
671
671.1
671.1
671.2
671.3
671.4
671.5
671.6
671.7
671.8
672
672.2
673
673.3
674
674
674
674.1
674.4
675
675.5
676
676.6
677
677.7
678
678
678
678
678
678
678
678
678
678
678
678
678
678
678
678
678
678
678
678.01
678.02
678.03
678.04
678.05
678.06
678.07
678.08
678.1
678.11
678.12
678.13
678.14
678.15
678.16
678.17
678.18
678.8
679
679.1
679.2
679.3
679.4
679.5
679.6
679.7
679.8
680
680.1
680.2
680.3
680.4
680.5
680.6
680.7
680.8
681
681.1
681.2
681.3
681.4
681.5
681.6
681.7
681.8
682
682.01
682.02
682.03
682.04
682.05
682.06
682.07
682.08
682.1
682.11
682.12
682.13
682.14
682.15
682.16
682.17
682.18
682.2
682.21
682.22
682.23
682.24
682.25
682.26
682.27
682.28
682.3
682.31
682.32
682.33
682.34
682.35
682.36
682.37
682.38
683
683.1
683.2
683.3
683.4
683.5
683.6
683.7
683.8
684
684.1
684.2
684.3
684.4
684.5
684.6
684.7
684.8
685
685.1
685.2
685.3
685.4
685.5
685.6
685.7
685.8
686
686
686
686.1
687
688
689
690
690.1
690.2
690.3
690.4
690.5
690.6
690.7
690.8
691
691.1
691.2
691.3
691.4
691.5
691.6
691.7
691.8
692
692.1
692.2
692.3
692.4
692.5
692.6
692.7
692.8
693
694
695
696
697
698
699
700
701
701.1
702
703
703.1
703.2
703.3
703.4
703.5
703.6
703.7
703.8
704
704.1
704.2
704.3
705
706
707
708
709
709.5
710
711
712
713
714
715
715.1
715.2
715.3
715.4
715.5
715.6
715.7
715.8
716
717
717.1
717.2
717.3
717.4
717.5
717.6
717.7
717.8
718
719
720
721
722
723
724
724.1
724.2
724.3
724.4
724.5
724.6
724.7
724.8
725
725.1
725.2
725.3
725.4
725.5
725.6
725.7
725.8
726
726.1
726.2
726.3
726.4
726.5
726.6
726.7
726.8
727
727.1
727.2
727.3
727.4
727.5
727.6
727.7
727.8
728
729
729.1
729.2
729.3
729.4
729.5
729.6
729.7
729.8
730
730.1
730.2
730.3
730.4
730.5
730.6
730.7
730.8
731
732
732.1
732.2
732.3
732.4
732.5
732.6
732.7
732.8
733
734
734.1
734.2
734.3
734.4
734.5
734.6
734.7
734.8
735
735.1
735.2
735.3
735.4
735.5
735.6
735.7
735.8
736
736
736
736
736
736
737
738
738.1
738.2
738.3
738.4
738.5
738.6
738.7
738.8
739
740
740.1
740.2
740.3
740.4
740.5
740.6
740.7
740.8
741
742
742.1
742.2
742.3
742.4
742.5
742.6
742.7
742.8
743
744
745
746
746.1
746.2
746.3
746.4
746.5
746.6
746.7
746.8
747
748
748.1
748.2
748.3
748.4
748.5
748.6
748.7
748.8
749
749.1
749.2
749.3
749.4
749.5
749.6
749.7
749.8
750
751
752
753
753.1
753.2
753.3
753.4
753.5
753.6
753.7
753.8
754
755
755.1
755.2
755.3
755.4
755.5
755.6
755.7
755.8
756
756.1
756.2
756.3
756.4
756.5
756.6
756.7
756.8
757
758
758.1
758.2
758.3
758.4
758.5
758.6
758.7
758.8
759
759.1
759.2
759.3
759.4
759.5
759.6
759.7
759.8
760
760
760
760
760
760
760
760
760
760
760
760
760
760
760
760
760
760
760
760.01
760.02
760.03
760.04
760.05
760.06
760.07
760.08
760.2
760.21
760.22
760.23
760.24
760.25
760.26
760.27
760.28
760.4
760.41
760.42
760.43
760.44
760.45
760.46
760.47
760.48
761
761.1
761.2
761.3
761.4
761.5
761.6
761.7
761.8
762
762.1
762.2
762.3
762.4
762.5
762.6
762.7
762.8
763
763.1
763.2
763.3
763.4
763.5
763.6
763.7
763.8
764
764.1
764.2
764.3
764.4
764.5
764.6
764.7
764.8
765
766
766.1
766.2
766.3
766.4
766.5
766.6
766.7
766.8
767
767.1
767.2
767.3
767.4
767.5
767.6
767.7
767.8
768
769
770
771
772
772.1
772.2
772.3
772.4
772.5
772.6
772.7
772.8
773
773.1
773.2
773.3
773.4
773.5
773.6
773.7
773.8
774
775
776
777
777.1
777.2
777.3
777.4
777.5
777.6
777.7
777.8
778
779
780
781
782
782.1
782.2
782.3
782.4
782.5
782.6
782.7
782.8
783
784
785
786
787
788
789
789.1
789.2
789.3
789.4
789.5
789.6
789.7
789.8
790
791
792
793
794
794.1
794.2
794.3
794.4
794.5
794.6
794.7
794.8
795
796
796.1
796.2
796.3
796.4
796.5
796.6
796.7
796.8
797
797.1
797.2
797.3
797.4
797.5
797.6
797.7
797.8
798
798.1
798.2
798.3
798.4
798.5
798.6
798.7
798.8
799
799.1
799.2
799.3
799.4
799.5
799.6
799.7
799.8
800
801
802
803
804
805
806
807
807.1
807.2
807.3
807.4
807.5
807.6
807.7
807.8
808
808.1
808.2
808.3
808.4
808.5
808.6
808.7
808.8
809
810
811
812
813
814
815
816
818
819
820
821
822
823
824
825
826
827
828
829
830
831
831.1
831.2
831.3
831.4
831.5
831.6
831.7
831.8
832
833
834
834.1
834.2
834.3
834.4
834.5
834.6
834.7
834.8
835
836
837
838
839
839
840
841
842
843
844
844.1
844.2
844.3
844.4
844.5
844.6
844.7
844.8
845
845.1
845.2
845.3
845.4
845.5
845.6
845.7
845.8
846
846.1
846.2
846.3
846.4
846.5
846.6
846.7
846.8
847
848
849
850
852
853
854
855
856
857
858
858.1
858.2
858.3
858.4
858.5
858.6
858.7
858.8
859
860
861
862
863
863.1
863.2
863.3
863.4
863.5
863.6
863.7
863.8
864
865
866
867
868
869
869.1
869.2
869.3
869.4
869.5
869.6
869.7
869.8
870
871
872
873
874
875
876
877
877.1
877.2
877.3
877.4
877.5
877.6
877.7
877.8
878
878.1
878.2
878.3
878.4
878.5
878.6
878.7
878.8
879
879.1
879.2
879.3
879.4
879.5
879.6
879.7
879.8
880
881
881.1
881.2
881.3
881.4
881.5
881.6
881.7
881.8
882
883
883.1
883.2
883.3
883.4
883.5
883.6
883.7
883.8
884
884.1
884.2
884.3
884.4
884.5
884.6
884.7
884.8
885
886
887
888
889
889.1
889.2
889.3
889.4
889.5
889.6
889.7
889.8
890
891
892
893
894
895
896
897
898
899
899.1
899.2
899.3
899.4
899.5
899.6
899.7
899.8
900
900
900
901
901
901
901
901
902
902
902
902
902
903
904
905
906
907
908
909
910
911
912
913
914
914.1
914.2
914.3
914.4
914.5
914.6
914.7
914.8
915
915.1
915.2
915.3
915.4
915.5
915.6
915.7
915.8
916
916.1
916.2
916.3
916.4
916.5
916.6
916.7
916.8
917
918
919
920
921
922
923
924
925
926
927
928
929
930
931
931.1
931.2
931.3
931.4
931.5
931.6
931.7
931.8
932
933
933.1
933.2
933.3
933.4
933.5
933.6
933.7
933.8
934
935
936
936.1
936.2
936.3
936.4
936.5
936.6
936.7
936.8
937
938
939
940
940.1
940.2
940.3
940.4
940.5
940.6
940.7
940.8
941
942
943
944
945
946
947
947.1
947.2
947.3
947.4
947.5
947.6
947.7
947.8
948
949
950
951
951
952
953
954
955
955.1
955.2
955.3
955.4
955.5
955.6
955.7
955.8
956
956
957
958
958.1
958.2
958.3
958.4
958.5
958.6
958.7
958.8
959
960
960.1
960.2
960.3
960.4
960.5
960.6
960.7
960.8
961
962
962.1
962.2
962.3
962.4
962.5
962.6
962.7
962.8
963
963.1
963.2
963.3
963.4
963.5
963.6
963.7
963.8
964
965
966
967
968
969
970
970.1
970.2
970.3
970.4
970.5
970.6
970.7
970.8
971
973
974
974.1
974.2
974.3
974.4
974.5
974.6
974.7
974.8
975
975.1
975.2
975.3
975.4
975.5
975.6
975.7
975.8
976
976.1
976.2
976.3
976.4
976.5
976.6
976.7
976.8
977
977.1
977.2
977.3
977.4
977.5
977.6
977.7
977.8
978
978.1
978.2
978.3
978.4
978.5
978.6
978.7
978.8
979
979.1
979.2
979.3
979.4
979.5
979.6
979.7
979.8
980
981
981.1
981.2
981.3
981.4
981.5
981.6
981.7
981.8
982
983
984
985
986
987
987.1
987.2
987.3
987.4
987.5
987.6
987.7
987.8
988
989
990
991
992
993
994
995
996
997
998
999
1000
1001
1002
1003
1004
1005
1006
1007
1008
1009
1010
1011
1012
1013
1014
1015
1016
1017
1018
1018
1019
1020
1021
1022
1022
1023
1024
1025
1026
1026
1027
1028
1029
1029
1030
1031
1032
1033
1034
1035
1036
1037
1038
1039
1040
1041
1042
1043
1044
1045
1046
1047
1048
1049
1050
1051
1052
1053
1054
1055
1056
1057
1058
1059
1060
1061
1062
1063
1064
1065
1066
1067
1068
1069
1070
1071
1072
1073
1074
1075
1076
1077
1078
1079
1080
1081
1081.1
1081.2
1081.3
1082
1083
1084
1085
1086
1087
1088
1088
1089
1090
1091
1092
1093
1094
1095
1096
1097
1098
1099
1100
1101
1102
1103
1104
1105
1106
1107
1108
1109
1110
1111
1112
1113
1114
1115
1115.1
1115.2
1115.3
1115.4
1115.5
1115.6
1115.7
1115.8
1116
1117
1118
1119
1120
1121
1122
1123
1124
1124
1124
1125
1125
1125
1125
1126
1127
1127
1127
1127
1128
1128
1128
1128
1128
1129
1129
1130
1130
1130
1131
1131
1131
1131
1132
1132
1132
1132
1132
1133
1134
1134
1134
1134
1135
1136
1136
1136
1136
1137
1137
1137
1137
1137
1138
1139
1139
1139
1139
1139
1139
1140
1140
1140
1140
1141
1142
1142
1142
1142
1142
1143
1143
1143
1143
1143
1144
1144
1144
1144
1144
1145
1145
1145
1145
1145
1146
1147
1147
1147
1147
1147
1148
1148
1148
1148
1149
1150
1151
1152
1153
1154
1155
1156
1157
1158
1159
1160
1161
1162
1163
1164
1165
1166
1167
1168
1168
1170
1171
1172
1174
1175
1176
1177
1178
1179
1180
1181
1182
1183
1184
1185
1186
1187
1188
1189
1190
1191
1192
1193
1194
1195
1196
1197
1198
1199
1200
1201
1202
1203
1204
1205
1206
1207
1208
1209
1210
1211
1212
1213
1214
1215
1216
1217
1218
1219
1220
1221
1222
1223
1224
1225
1226
1227
1228
1229
1230
1231
1232
1233
1234
1235
1236
1237
1238
1239
1240
1241
1242
1243
1244
1245
1246
1247
1248
1249
1250
1251
1252
1253
1253.1
1253.2
1253.3
1253.4
1253.5
1253.6
1253.7
1253.8
1254
1255
1256
1257
1258
1259
1260
1261
1262
1263
1264
1265
1266
1267
1268
1269
1270
1271
1272
1273
1274
1275
1276
1277
1278
1279
1280
1281
1282
1283
1284
1285
1286
1287
1288
1289
1290
1291
1292
1293
1294
1295
1296
1297
1298
1299
1300
1301
1302
1303
1304
1305
1306
1307
1308
1309
1309
1310
1311
1312
1313
1314
1315
1316
1317
1318
1319
1320
1321
1322
1323
1324
1325
1326
1327
1328
1329
1330
1331
1332
1332
1332
1332
1333
1334
1335
1336
1337
1338
1339
1340
1341
1342
1343
1344
1345
1346
1347
1348
1349
1350
1351
1351.1
1351.2
1351.3
1351.4
1351.5
1351.6
1351.7
1351.8
1352
1352.1
1352.2
1352.3
1352.4
1352.5
1352.6
1352.7
1352.8
1353
1353.1
1353.2
1353.3
1353.4
1353.5
1353.6
1353.7
1353.8
1354
1354.1
1354.2
1354.3
1354.4
1354.5
1354.6
1354.7
1354.8
1355
1355.1
1355.2
1355.3
1355.4
1355.5
1355.6
1355.7
1355.8
1356
1357
1358
1359
1360
1361
1362
1363
1363
1364
1364
1364
1364
1364
1365
1365
1365
1365
1365
1366
1366
1366
1366
1366
1367
1367
1367
1367
1368
1368
1368
1368
1368
1369
1370
1371
1372
1373
1374
1375
1376
1377
1378
1379
1380
1381
1382
1382
1383
1384
1385
1386
1387
1388